width height gridlength
15,8.059183,20
playerCoor
18,18
winBlock
4,3,128
MazeWalls
1,1,0
1,2,0
1,3,0
1,4,0
1,5,0
1,6,0
1,7,1
1,8,0
1,9,0
1,10,1
1,11,0
1,12,0
1,13,0
1,14,0
1,15,0
1,16,0
1,17,0
1,18,0
1,19,0
1,20,0
1,21,0
1,22,0
1,23,0
1,24,0
2,1,0
2,2,0
2,3,1
2,4,0
2,5,0
2,6,0
2,7,1
2,8,0
2,9,0
2,10,1
2,11,0
2,12,0
2,13,0
2,14,0
2,15,0
2,16,0
2,17,0
2,18,0
2,19,0
2,20,0
2,21,0
2,22,0
2,23,0
2,24,0
3,1,0
3,2,1
3,3,1
3,4,0
3,5,1
3,6,1
3,7,1
3,8,0
3,9,0
3,10,1
3,11,0
3,12,0
3,13,1
3,14,1
3,15,1
3,16,1
3,17,1
3,18,0
3,19,0
3,20,0
3,21,0
3,22,0
3,23,0
3,24,0
4,1,0
4,2,1
4,3,0
4,4,0
4,5,1
4,6,0
4,7,0
4,8,0
4,9,0
4,10,1
4,11,0
4,12,0
4,13,0
4,14,0
4,15,1
4,16,0
4,17,0
4,18,0
4,19,0
4,20,0
4,21,0
4,22,0
4,23,0
4,24,0
5,1,0
5,2,1
5,3,1
5,4,1
5,5,1
5,6,0
5,7,1
5,8,1
5,9,1
5,10,1
5,11,1
5,12,0
5,13,0
5,14,0
5,15,1
5,16,0
5,17,1
5,18,1
5,19,0
5,20,0
5,21,0
5,22,0
5,23,0
5,24,0
6,1,0
6,2,0
6,3,0
6,4,0
6,5,1
6,6,0
6,7,1
6,8,0
6,9,0
6,10,0
6,11,0
6,12,0
6,13,0
6,14,0
6,15,1
6,16,0
6,17,0
6,18,0
6,19,0
6,20,0
6,21,0
6,22,0
6,23,0
6,24,0
7,1,0
7,2,0
7,3,0
7,4,0
7,5,0
7,6,0
7,7,1
7,8,0
7,9,0
7,10,1
7,11,0
7,12,0
7,13,1
7,14,1
7,15,1
7,16,1
7,17,1
7,18,0
7,19,0
7,20,0
7,21,0
7,22,0
7,23,0
7,24,0
8,1,1
8,2,1
8,3,1
8,4,1
8,5,0
8,6,0
8,7,0
8,8,0
8,9,0
8,10,1
8,11,0
8,12,0
8,13,0
8,14,0
8,15,1
8,16,0
8,17,0
8,18,0
8,19,0
8,20,0
8,21,0
8,22,0
8,23,0
8,24,0
9,1,0
9,2,0
9,3,0
9,4,0
9,5,0
9,6,0
9,7,0
9,8,0
9,9,0
9,10,1
9,11,0
9,12,0
9,13,1
9,14,1
9,15,1
9,16,1
9,17,0
9,18,0
9,19,0
9,20,0
9,21,0
9,22,0
9,23,0
9,24,0
10,1,0
10,2,0
10,3,0
10,4,0
10,5,1
10,6,1
10,7,1
10,8,0
10,9,0
10,10,1
10,11,0
10,12,0
10,13,0
10,14,0
10,15,0
10,16,1
10,17,0
10,18,0
10,19,0
10,20,0
10,21,0
10,22,0
10,23,0
10,24,0
11,1,0
11,2,0
11,3,1
11,4,0
11,5,1
11,6,0
11,7,0
11,8,0
11,9,0
11,10,1
11,11,0
11,12,0
11,13,0
11,14,0
11,15,0
11,16,1
11,17,0
11,18,0
11,19,0
11,20,0
11,21,0
11,22,0
11,23,0
11,24,0
12,1,1
12,2,0
12,3,1
12,4,0
12,5,1
12,6,0
12,7,0
12,8,0
12,9,0
12,10,1
12,11,1
12,12,1
12,13,1
12,14,0
12,15,0
12,16,1
12,17,1
12,18,1
12,19,0
12,20,0
12,21,0
12,22,0
12,23,0
12,24,0
13,1,0
13,2,0
13,3,1
13,4,0
13,5,1
13,6,0
13,7,1
13,8,1
13,9,1
13,10,1
13,11,0
13,12,0
13,13,0
13,14,0
13,15,0
13,16,0
13,17,0
13,18,0
13,19,0
13,20,0
13,21,0
13,22,0
13,23,0
13,24,0
14,1,0
14,2,1
14,3,1
14,4,1
14,5,1
14,6,0
14,7,1
14,8,0
14,9,0
14,10,1
14,11,0
14,12,0
14,13,0
14,14,0
14,15,0
14,16,0
14,17,0
14,18,0
14,19,0
14,20,0
14,21,0
14,22,0
14,23,0
14,24,0
15,1,0
15,2,0
15,3,1
15,4,0
15,5,0
15,6,0
15,7,1
15,8,0
15,9,0
15,10,1
15,11,0
15,12,1
15,13,1
15,14,1
15,15,1
15,16,1
15,17,1
15,18,0
15,19,0
15,20,0
15,21,0
15,22,0
15,23,0
15,24,0
16,1,0
16,2,0
16,3,1
16,4,0
16,5,0
16,6,1
16,7,1
16,8,0
16,9,1
16,10,1
16,11,0
16,12,1
16,13,0
16,14,0
16,15,0
16,16,0
16,17,1
16,18,0
16,19,0
16,20,0
16,21,0
16,22,0
16,23,0
16,24,0
17,1,0
17,2,0
17,3,1
17,4,0
17,5,0
17,6,0
17,7,0
17,8,0
17,9,1
17,10,0
17,11,0
17,12,1
17,13,0
17,14,0
17,15,1
17,16,0
17,17,1
17,18,0
17,19,0
17,20,0
17,21,0
17,22,0
17,23,0
17,24,0
18,1,0
18,2,0
18,3,1
18,4,0
18,5,0
18,6,0
18,7,0
18,8,0
18,9,1
18,10,0
18,11,0
18,12,1
18,13,0
18,14,0
18,15,1
18,16,0
18,17,0
18,18,0
18,19,0
18,20,0
18,21,0
18,22,0
18,23,0
18,24,0
19,1,0
19,2,0
19,3,0
19,4,0
19,5,0
19,6,0
19,7,0
19,8,0
19,9,0
19,10,0
19,11,0
19,12,0
19,13,0
19,14,0
19,15,0
19,16,0
19,17,0
19,18,0
19,19,0
19,20,0
19,21,0
19,22,0
19,23,0
19,24,0
MazeBlocks
18,6,16
18,2,32
1,9,64
18,13,2
11,11,4
11,18,8
Objects
18,16,-1,9
16,16,-1,8
16,13,-1,7
13,18,-1,8
13,11,-1,7
10,15,-1,8
8,19,-1,10
6,18,-1,8
6,16,-1,9
4,16,-1,7
4,18,-1,10
1,19,-1,8
1,18,-1,8
1,11,-1,7
4,11,-1,9
4,14,-1,8
6,14,-1,10
6,8,-1,7
13,7,-1,10
18,8,-1,10
18,4,-1,9
15,4,-1,7
4,9,-1,10
7,1,-1,9
1,6,-1,8
2,7,-1,10
2,6,-1,10
11,0,-1,9
4,6,-1,7
18,19,-1,10
18,18,-1,10
15,3,-1,8
11,6,-1,7
9,1,-1,7
12,9,-1,10
11,11,-1,9
14,2,-1,10
1,1,-1,7
END
